1.448828805611583486e-05
3.921830637372119557e-05
2.212855217461254768e-05
-1.986927843267040559e-05
-3.194363052990151360e-05
1.944416719569105756e-05
3.188627461726993638e-05
2.690066461482340789e-05
3.451754463803593262e-05
1.742028147900007045e-05
-7.599021012255036531e-06
-2.938165469296572240e-05
-2.462938729743508696e-05
-8.273038694646272118e-05
-4.873804779812605955e-05
1.994433611702081439e-06
-5.519370004912152918e-06
3.703441529504069820e-05
5.638261274190153264e-05
7.380950920514881496e-05
5.141347794499677524e-05
2.984179116958611116e-05
1.883456254446645991e-05
4.903386209898100334e-06
-1.236763478977160197e-05
-4.144536810694940935e-05
-3.675506258591418313e-05
-7.068599254888511402e-05
-2.806123607106772201e-06
-4.400196762623261298e-05
-2.233331493402411532e-05
-2.711738703238896107e-05
6.813933367550333096e-06
2.450331440732074760e-05
4.511824200635358668e-05
2.946964938564381172e-05
4.419096056274642487e-05
6.846288637943367364e-05
6.350900503172482447e-05
6.115436941976256627e-05
4.265833751877312705e-05
4.754406007337078836e-05
2.537433371416940447e-05
1.285420754174811118e-05
-4.608805527950257701e-05
-8.985590351368707084e-05
-8.035324731327961832e-05
-8.827532484012064065e-05
-1.004822189364525901e-04
-1.276958946914399560e-04
-9.550974863719526888e-05
-5.616500212639869544e-05
-3.396879869079332941e-05
-3.880718740515583628e-05
-1.029168047603706529e-05
1.166754527494911503e-05
-2.622385862050676859e-08
7.736544821941422297e-05
4.946772684354426098e-05
8.592731138433835024e-05
9.235991592599288849e-05
9.653589147035024039e-05
9.085953673840909469e-05
9.853376930488223534e-05
7.425527709880189804e-05
5.417337270656395992e-05
2.951958022439053013e-05
-9.171896898127944946e-06
-4.397760887855660562e-06
-2.237565731868163736e-05
-3.650234185567413680e-05
-7.467862031670753826e-05
-7.527506869930682284e-05
-4.962477269758076306e-05
-1.037428583865035030e-04
-6.542447565000849121e-05
-1.142815263027654467e-04
-8.960006921647750266e-05
-8.619960772142131508e-05
-8.554057107992388037e-05
-4.710002146727012022e-05
-7.304015059449247519e-05
-1.975817309715926265e-05
1.012981683677746768e-07
3.038715145399941266e-05
4.208609913803810056e-05
6.159249044191975812e-05
6.723600673176186764e-05
7.940323734680182466e-05
9.706963021552501793e-05
1.238683378522210130e-04
1.316038029541027779e-04
9.314452284591482570e-05
9.825338475404471461e-05
1.353785418698059604e-04
1.281920220111436217e-04
4.189675784521531361e-05
1.288528262932305635e-05
2.410296658492685161e-07
6.319158750086269530e-07
-1.711967700491092949e-05
-3.395383342063882184e-05
-2.630542228468711366e-05
-7.224791169694984240e-05
-5.350808508331084286e-05
-9.292117314268213090e-05
-1.242633429372071955e-04
-9.853614249382551570e-05
-1.166959346198659901e-04
-1.371293861032480007e-04
-6.080241907590936253e-05
-1.485819382166921683e-04
-7.381963263596675803e-05
-1.088381405881519909e-04
-3.908317230654010098e-05
-5.303011321139494228e-05
-1.070289748576194736e-05
-2.765075263495088463e-05
3.423945347641776845e-05
9.347129803332411782e-06
8.041265592489908721e-05
1.189679657652167823e-04
1.085604138552229500e-04
7.237356929518920295e-05
1.140021871435350137e-04
1.487255787201512244e-04
1.148213666978838810e-04
1.708700334185859549e-04
9.931562978532013346e-05
1.616644990250533246e-04
4.698112792648225623e-05
1.189611900445928437e-04
8.041089603063513044e-05
5.690535524539004175e-05
6.141262391278633117e-05
1.548605339450675819e-06
-8.775352375337757365e-06
9.664910686225914281e-06
-5.240805902305044150e-05
-5.583539024762219124e-05
-9.264760038121616029e-05
-3.834632500437873767e-05
-1.131293111752028813e-04
-1.382581044972451296e-04
-1.694875140256807292e-04
-1.110614400186001689e-04
-8.574298008528645400e-05
-1.187162810817538804e-04
-1.720922311601698546e-04
-1.480817296681337424e-04
-1.619192977161406190e-04
-6.409793193462123601e-05
-1.038542265243667950e-04
-1.324646718803358159e-04
-1.504854318593595050e-05
-9.324767122628411901e-05
-3.214100993785187478e-05
2.182320755538984109e-05
-9.472036701026222602e-06
5.119441251616292329e-05
1.742663245238627130e-05
6.349074709482879471e-05
4.814551960586446652e-05
1.027295215440274598e-04
9.508175979683114367e-05
1.328188880195129188e-04
8.479649084194145218e-05
1.521109071870239938e-04
1.137454994513790069e-04
8.031276745523582220e-05
1.089195214865973317e-04
7.852461082494721807e-05
1.292992608471886940e-04
-8.864156731643712468e-06
2.207704079272605492e-05
6.555381717233530641e-05
7.507771538399973256e-05
3.643041224046971507e-05
1.097881514269660996e-05
8.284710336460048022e-06
5.076159318893969048e-05
-4.053239793733249738e-05
-2.209424228603371659e-05
-9.246691373443756520e-05
-5.768938944284590799e-05
-6.270057719488375937e-05
-7.310204970724101467e-05
-1.277298206692142359e-04
-1.476319767702752956e-04
-4.607973247616870520e-05
-1.331547760932377908e-04
-1.069588286366923317e-04
-5.831141246943637087e-05
-5.355877167747572848e-05
-9.364566716717026660e-05
-7.749249622894242742e-05
-1.699176195535336996e-04
-7.595829623704908535e-05
-7.056331559874145793e-05
-1.255673679087641762e-04
-1.097212869581528797e-04
-1.706282105422406379e-05
-5.102725443313803539e-05
1.215134491319731018e-05
-5.742881610142810787e-05
8.068410159367645309e-05
5.798327666179557493e-05
6.387387107633125407e-05
4.165682017843603391e-05
5.488685502848479798e-05
1.504362744988873733e-04
1.636723882541689010e-04
1.210515677293109272e-04
9.957614681163952928e-05
1.506468790264012497e-04
1.108358384400060409e-04
1.439201319693151054e-04
1.050830007457525909e-04
-1.534143503531111791e-04
-6.893892712597155859e-05
2.272900278478440029e-06
-7.004846399194762381e-05
1.357932715088597394e-04
1.188483496266291324e-04
-1.018678839603035880e-04
-1.091419100446583282e-04
1.279115395143635254e-04
2.637618345371638996e-05
-4.564470978399274870e-05
-1.522934017855343545e-04
1.667775424649443894e-04
3.503821009469420427e-05
-2.345673562199328564e-05
-1.311409801377616102e-04
5.923924000606830973e-05
1.501966334153689126e-04
-1.399450893463716260e-04
9.846256184602163208e-05
-6.737699246789054458e-05
7.863780497420906125e-05
-1.199786176940143955e-04
-1.472742087637553602e-04
9.038918934014973769e-05
-1.816184110940418322e-05
9.991274962988636075e-07
-3.118420692199791954e-05
7.609865631392858081e-05
1.389197933286431374e-04
-1.139128078667670299e-04
-1.287960088098816214e-04
1.714943561857650001e-04
-2.200431501698079111e-05
2.542344386078869677e-05
-1.603539876223909473e-04
1.404370869791608095e-04
1.133177767774538820e-04
