-9.810160465376388995e-07
3.113389071802450612e-05
1.569103067869207239e-05
-1.628226184652092423e-05
-3.423998896698566511e-05
-1.765199152344418788e-05
-3.967081743686437073e-05
4.651047117171531868e-05
3.169557216750926138e-05
1.217149599805119334e-05
1.301528917285016340e-07
-4.328617798149268808e-05
-3.081165962996053716e-05
-3.265121717580451039e-05
-5.101362133694777490e-05
-1.905415877402408389e-05
1.368470357943130154e-05
2.966232835194262886e-05
1.470413324406533447e-05
7.895816114637723305e-05
6.278325150943012936e-05
1.662670151050205523e-05
4.471456197341598936e-05
1.348576298913038295e-06
-1.491983991947094474e-05
-6.071547946558233976e-05
-4.723490633643123460e-05
-4.898735240662440045e-05
-8.242643569782706007e-05
-6.556519848701583152e-05
-3.600731416033864260e-05
-2.182153293735527329e-06
-8.021361422427432313e-06
3.033822976732805459e-05
4.574532140180880273e-05
7.770357366328481472e-05
6.201312604948220318e-05
1.132411032591364392e-04
1.131009083895478929e-04
4.720737750412159437e-05
4.552903509150405421e-05
3.599073592530775310e-05
3.980058168610584650e-06
-9.192638837953045092e-06
-3.388473039621979309e-05
-2.270707497117631900e-05
-5.631415368144479766e-05
-7.462652180293071174e-05
-8.083473160276341606e-05
-1.155045390623210506e-04
-1.175960137101603436e-04
-8.554434416270673559e-05
-3.790120086702993376e-05
-2.379182237131793439e-05
-6.272717600554025185e-06
1.170320053361232536e-05
2.907966273252309995e-05
4.384362147539748450e-05
6.183495550291424902e-05
9.489522108250552528e-05
1.331651389538892239e-04
9.579119685934009984e-05
7.434221836622637405e-05
6.212701761991340521e-05
8.646360531122061007e-05
2.932446218387798768e-05
2.399052458468685936e-05
6.817366243606699154e-05
-6.068995565922006105e-06
4.123088251305205337e-05
-8.185127508616195163e-05
-6.120179793732192879e-05
-5.139162117328449110e-05
-1.056989595904479041e-04
-6.869063960786102709e-05
-9.598865101674690251e-05
-1.360498924058429191e-04
-9.970280481441333019e-05
-7.103090439098296352e-05
-1.360307527276351702e-04
-3.979853167880903264e-05
-4.084774481972391278e-05
-4.227496248162873464e-05
4.580685691211854195e-05
-5.330666028182807478e-05
2.816239809655481484e-05
6.207864997636378514e-05
6.303235239883438602e-05
7.797076163668219013e-05
4.601392616702269431e-05
1.103265345377120135e-04
1.391979033016539375e-04
1.316797587965197285e-04
7.837298002024952392e-05
1.273212420776944341e-04
6.055890028894166165e-05
2.874668884405054178e-05
1.541227158219492203e-05
4.212373579043918658e-05
4.999327703068695165e-06
1.246731229436520754e-05
-4.585272348153335857e-06
-2.666435856614021008e-05
-3.982657336828414053e-05
-6.369672284306447901e-05
-8.903236417711829563e-05
-6.368004734263427538e-05
-1.161085678783305619e-04
-9.870546149130437011e-05
-1.494514151653068802e-04
-1.368370968349637989e-04
-6.805713382806602245e-05
-1.116640461515855848e-04
-8.960491613604280566e-05
-2.224400377844883928e-05
-2.058927666574535248e-05
-1.301257431568156489e-05
1.061310265867411645e-05
-3.432385119065986270e-06
1.161997206080929043e-05
1.270169003310952351e-05
6.275215929852810204e-05
9.894316288210507928e-05
1.164873798279517900e-04
4.564942690794469398e-05
1.543199535461953296e-04
9.570303431918527205e-05
9.703469835041315182e-06
7.771577287444540229e-05
1.099532259726934881e-04
9.329686874304325131e-05
8.679173118394474713e-05
8.888880532419411067e-05
1.042593318750896985e-04
4.900929164249515188e-05
5.781494370883985935e-05
5.412212900006007911e-05
-7.115426493903018391e-06
-5.646267455132644687e-05
-3.208764734422875126e-05
-7.765688896711079659e-05
-2.623596922127885265e-05
-1.530110559506634300e-05
-8.049744459999368736e-05
-8.146232241148181714e-05
-1.389972351175804317e-04
-1.496906809624357841e-04
-1.565038934481862050e-04
-1.116203081749445801e-04
-9.167969122619788985e-05
-1.327929628645595260e-04
-5.579014100149062063e-05
-9.569025047549898472e-05
-7.900893550180481935e-05
-1.005885708361507888e-04
-7.435407157205249737e-05
-5.817135077404514816e-05
-6.139155669993665997e-05
-2.269250540939982288e-05
6.123699062154709411e-05
3.822540818257654589e-05
8.240663781733835664e-05
2.314469519193127430e-05
2.854887275658919888e-05
1.024163379405425100e-04
1.220610621256900861e-04
1.336448876616640451e-04
1.547673531814513874e-04
1.141884056657692446e-04
9.413793981811486168e-05
-1.178731562815706530e-04
-1.003471535105323226e-04
1.392576877465907413e-04
2.759774788007678703e-05
-3.470812399820165378e-05
-1.273469501710411010e-04
9.367460516398599154e-05
-1.026882476451120620e-04
7.908446665182275112e-05
7.151285563838718508e-05
-5.968495469005777532e-05
1.502386868163777445e-04
-1.550578970044606212e-04
6.543220203182653681e-05
-8.108543038669764884e-05
8.125884191858435545e-05
-4.552369535778221632e-05
1.253255263926529063e-04
-1.040439461379127602e-04
-1.270247448855650087e-04
1.300221161707527419e-04
-4.786568565173604745e-06
-1.784490006325389891e-05
-1.223345564861203795e-04
1.512965706988921792e-04
-1.186579612005092543e-04
1.076829496281857555e-04
1.771165765389789621e-05
-3.515769982806219541e-06
1.111941011673351493e-04
