-3.091788457355447613e-05
1.694172784429262419e-05
1.174114592777542951e-07
-1.541571431176733603e-05
-3.019838974000612833e-05
-1.440854949769203827e-05
-9.424238671356829596e-05
6.497963099674730050e-05
1.395119239878848274e-05
1.546547486495737241e-05
-1.142923722794812276e-06
-4.748645281388903132e-05
1.840253356777346464e-05
-4.728135253111335421e-05
-7.967088491583035174e-05
-4.608914676251903359e-05
1.387375967074501849e-06
3.365136672983607416e-05
9.818399532179090678e-05
4.838893807277400535e-05
6.318139588388219834e-05
3.012243350980467040e-05
3.978223353691741771e-05
-1.344146373978071433e-05
-4.361511793613221598e-05
-6.222751797059882504e-05
-9.359386647563854998e-05
-7.793275771552110349e-05
-9.637983492843881189e-05
-7.935330020949353297e-05
-7.824574147206836232e-05
4.757629429284090522e-06
7.248365885068864357e-06
5.039901536354052106e-05
1.082423439290992824e-04
6.729162780046568312e-05
8.176396524397879016e-05
1.286939707923663448e-04
6.050115004399352851e-05
8.037560264895763544e-05
3.494194529733257422e-05
4.328024611136111421e-05
-2.482447490008633646e-06
-1.756980433064903491e-05
-4.499405955848930817e-05
-6.162839913651684725e-05
-7.761808461683558007e-05
-6.233097656052090634e-05
-3.177788347061804420e-05
-1.148857794991231762e-04
-1.292490481706387649e-04
-1.276760516605635549e-05
-2.911591893447844281e-05
-4.478011712056786394e-05
1.975249114393635251e-05
2.265390877868314005e-05
5.568863293523523508e-05
7.200223731142840831e-05
3.729117724848190937e-05
1.246555108606704624e-04
1.514487638772803765e-04
9.605106608615056872e-05
5.673479812301395679e-05
7.483516641359668614e-05
4.988066209140788005e-05
2.655407016932681761e-05
2.614949715707548319e-05
6.475850141083733518e-05
-1.889338550820617181e-05
3.188766632775434044e-06
-5.698472871243800248e-05
-7.796199508121554132e-05
-6.116824587331944724e-05
-3.991122389947539424e-05
-6.330634332117530169e-05
-4.662874294143262575e-05
-9.683130597551324527e-05
-4.652073240665937026e-05
-7.905115266078879463e-05
-1.331658207859801198e-04
-3.648654633678068224e-05
-6.043374131761974634e-05
-6.227982477165016446e-05
7.428336109580480767e-05
-8.160898813704088248e-05
3.898404441118968970e-05
9.881205316610494334e-05
5.257493562909588915e-05
1.168171108891433976e-04
1.153067450758096536e-04
1.356123701251913077e-04
5.294288697008865305e-05
1.120727829626398387e-04
4.658073577721765434e-05
9.000993397807074384e-05
9.013244284466361594e-06
-3.247534693777554259e-05
9.262592618860022195e-05
4.681188547324935970e-05
-1.390008238545204461e-05
2.230582790242073625e-05
-4.933693702202916170e-06
-3.063554189109161046e-05
-9.592931729872990242e-05
-7.894022056608934550e-05
-1.299405849124678452e-04
-4.656218268535361942e-05
-1.510504443659987353e-04
-9.649585052785375700e-05
-6.226250573598392864e-05
-1.145945647303270982e-04
-1.381561979997591224e-04
-4.585682682582912633e-05
-1.036258851612913080e-04
-6.217562918909933379e-05
2.559046543100585098e-06
-6.869287099057386828e-06
3.687567061317034597e-06
-1.192865058928318264e-05
3.837870137323875450e-05
1.988346058696536286e-05
8.443661205383453771e-05
1.022576330131540678e-04
6.985549409129978996e-05
2.137255080957165736e-05
3.544663905217882918e-05
1.432751215913059253e-04
3.492042543633327507e-05
1.269299909438726846e-04
8.552954961359346116e-05
1.073745560973753615e-04
-6.387033176808675979e-06
8.718891318680234588e-05
4.183104413288967789e-05
3.106385750641913374e-05
1.082440873332195431e-04
7.037979375307926752e-05
1.225658525283592408e-05
-2.730726557296806072e-05
-3.372469557005645203e-05
-1.102276567140743970e-04
-2.449571620552745268e-05
-3.033577508279191077e-05
-6.010848374793290022e-05
-1.199516912918285671e-04
-1.548635823183663895e-04
-1.381939070784710881e-04
-7.925752286630093242e-05
-1.133117785474865299e-04
-1.548605397789101724e-04
-1.343483873956684228e-04
-1.508460394695297754e-04
-9.997719104993491404e-05
-6.311422938504071241e-05
-1.217756468326336032e-04
-2.643271074685876097e-05
-6.252459438593089560e-05
-4.257912538152128012e-05
5.762474128712792256e-06
5.471772206317797825e-05
5.150785615485577119e-05
1.165412743852264210e-04
8.747267272944598052e-05
7.409436417996836672e-05
1.320348426129314991e-04
9.154827883272062354e-05
7.773993931764603988e-05
1.554290250640461403e-04
1.332363451818912724e-04
1.210521112333384232e-04
-1.132311518166868674e-04
-9.954045589606971443e-05
1.137292779695126232e-04
-7.768910814307375455e-06
-1.353218500745747079e-05
-1.147598620114497592e-04
1.356281979227840612e-04
-9.723927457004146217e-05
9.475668227084442041e-05
1.810182405081679880e-05
-2.965603236795908408e-05
3.196341853868486907e-05
-1.333187740069388639e-04
6.787317639995495144e-05
-2.093865284919985267e-05
5.543236826506119401e-05
-7.890201177509767255e-05
8.760929125222274589e-05
-9.544432449536816021e-05
-1.659460130653687805e-05
1.469001135916166015e-04
-6.978761870954436683e-06
1.532570101885393093e-05
-1.155888058526790120e-04
1.556427425421013451e-04
-8.240894529771604100e-05
6.721894385707980705e-05
4.874515172702837512e-06
2.280488858124675759e-05
1.046150394517253478e-04
