-9.064015547385332781e-06
-2.726336279025938484e-05
8.788640829158763407e-06
-1.797877021086058109e-05
-1.233513008138926312e-07
-4.458622874053287921e-05
9.190517204218897533e-05
9.255654008254460992e-09
2.647521966755300376e-05
4.419615764476525163e-05
1.755202450394687980e-05
8.518522052995492201e-06
2.613002321985349513e-05
-8.956953302183549682e-06
-1.919504277212999983e-05
-3.646742464184616299e-05
-1.839707122709651382e-05
1.852375365018889237e-05
-9.195939344914934402e-06
-1.861091542596748477e-05
1.808383600505778250e-05
3.529663719948434116e-05
2.774093508871454432e-05
7.239014012738882156e-05
4.392396643809114111e-05
4.224686665754947873e-05
3.341144102357214305e-05
-4.135074663270509828e-06
-3.255509571302036377e-05
-3.036641460899847732e-05
-3.780951237603494123e-05
-5.835020939835271761e-05
-7.450027369574711833e-05
-9.222101070741407135e-06
-2.817046486136162993e-05
-3.728730165072375181e-05
-7.978678808977579594e-05
2.186280806728647254e-07
3.778224228649141209e-05
-9.064024301676627614e-06
5.472765418454559103e-05
1.242623282969878586e-04
1.319661886618806498e-04
7.243937889970100479e-05
1.267685968039297651e-04
5.323704244117364817e-05
3.477126342919651639e-05
2.490651152051476624e-05
2.289317727305237340e-05
1.664324926242872777e-05
-3.662715702749799930e-05
1.220921900457987859e-05
-6.960359841436949361e-05
-8.935617428586861775e-05
-1.040027409854600815e-04
-1.138280528377608679e-04
-4.722124920416239958e-05
-6.676921354421036080e-05
-3.792413753138409289e-05
-6.963979532422703768e-05
-5.916796211841623200e-05
-2.083309600210856438e-05
8.880396828161898470e-05
4.425025111552150241e-05
4.844491088616636576e-05
6.639072414588906540e-05
7.392153730126526019e-05
1.031350914129572761e-04
9.504868998310976613e-05
6.995974384314252966e-05
9.938389328832871741e-05
4.379406544584823195e-05
6.941979669028353528e-05
3.185787972207115360e-05
7.338371735601492045e-05
-6.960552983110384615e-06
2.514709092379048288e-06
-1.720364580857871415e-05
6.530749807233153382e-06
-5.348667560037000969e-05
-5.031007687235898742e-05
-1.314333236106693219e-04
-9.634951226399661114e-05
-1.303350620996138404e-04
-8.620122383761137967e-05
-5.792924716211178874e-05
-7.450183708574456250e-05
-1.136093370803565092e-04
9.341026535379939405e-06
-6.686886220958565368e-05
-1.166520305837632955e-05
6.214184735607094373e-05
-1.846386263268892273e-05
9.877843160687384570e-06
5.974826798529240889e-05
2.813169604362064104e-05
8.077827170323504313e-05
3.626083598326744213e-05
7.931388674113123820e-05
5.338322158157015668e-05
1.154849578419231079e-04
1.127521753736008078e-04
5.330982862331736216e-05
1.455313371547018720e-05
8.126316898504292959e-05
1.030814089126629512e-05
3.884173653542081653e-06
4.869283940258467243e-05
-1.189990262699061624e-05
-1.666957563931896748e-06
-2.624644194885987576e-05
-7.390845123550054139e-05
-1.505221380052853982e-05
-8.331914734315088388e-05
-6.937108021271251351e-05
-7.530002502272893899e-05
-9.355100080961024488e-05
-1.093850253973825448e-04
-2.656452538126276826e-05
-8.789621196379269574e-05
-8.135722753347944427e-05
-1.242043770881090482e-04
-3.761861790169975482e-05
9.170275769730082031e-06
-5.575097486003933219e-05
-3.708974720770483879e-05
-2.814023883271331587e-05
-1.328211208877536726e-04
1.292052450790402330e-05
5.787351936464848958e-05
3.812449861427821905e-05
3.833993945432668924e-05
8.043056322723542693e-05
4.856080874648163850e-05
8.762646069616378491e-05
1.893020018848495673e-05
1.010067705859749547e-04
1.119358405645775554e-04
6.215289987005271060e-05
1.040880413988045066e-04
9.405388471703644989e-05
6.326020772170194120e-05
-1.290599864699842880e-06
1.170088712943316616e-04
6.262953323500512813e-05
5.172630459701059745e-05
8.282110259828987507e-05
2.326678048974241972e-05
-1.114925501503926009e-05
8.303289414500402365e-05
2.424067544784689005e-05
-4.220338842579222450e-05
-4.774670984832587805e-05
-6.572452415111562749e-05
-1.188125688462993428e-04
-9.730973022478387878e-05
-5.152317761065154265e-05
-1.083017382681820533e-04
-7.648918861959751289e-05
-4.821824562548624355e-05
-1.009338632548619527e-04
-2.797430158104506268e-05
-1.143854832842743855e-04
-4.626530972351517102e-05
-7.927810448193826052e-05
-6.335783626988086880e-05
2.188752288954339662e-05
-4.770568934918390088e-05
5.228890864478579892e-07
-4.044436313481610112e-08
-2.679415963829864133e-05
7.135171192460013849e-05
-1.024496068429041280e-04
4.669206460120832729e-05
-1.095333625451526817e-04
-5.338719942547976723e-05
2.898584699644693203e-05
9.105247786293313786e-05
-8.782901821669174779e-05
1.148160447903619642e-04
-1.262435080241264870e-04
6.538777134267007734e-05
-2.332923187858631535e-05
9.139024254528092871e-05
-9.224297121740164290e-05
-9.102603932234204617e-05
1.052824736099241865e-04
6.780776507298647341e-05
-3.517101039274670067e-05
3.252655695123394522e-05
-4.317522181550463643e-05
-5.738479574234457372e-05
9.471890270783190258e-05
5.036360650003691828e-05
-6.420242444199825084e-05
-6.219552275557725283e-05
1.333223712031670358e-04
1.294645981724735009e-04
-9.546518655816589659e-05
1.088040762731234072e-04
