-1.739246807038651588e-05
7.125215646434568760e-06
1.114919563365861857e-05
-8.929074011422745297e-06
-2.156582914779984158e-05
-3.381098121858203592e-05
-2.172604121013664018e-05
-5.267654580396356753e-06
2.389388138738633721e-05
2.754151815722581832e-05
3.297900869474835963e-06
2.485326416876970833e-05
7.805305147934651493e-06
-7.531811235815778943e-06
-1.721201720596175018e-05
-2.945424881448443363e-05
-5.954887176946627343e-05
-3.832685666477923315e-05
2.916613275368941437e-06
-1.497992582418234672e-06
1.999318803777519691e-05
4.060042351281929415e-05
7.546106174142269902e-05
1.516989176466078268e-05
1.981535482763016433e-05
1.263060514456344108e-05
-4.548066558858471011e-06
5.383103135990999972e-06
-1.306695303659423585e-05
-3.459930605549539200e-05
-5.604420759923685379e-05
-3.859859262447285655e-05
-4.591378468075107283e-05
-5.050793505439518237e-05
-7.373844600106335613e-05
-6.801761765554875975e-05
-9.596077870419603069e-06
1.590007557540339483e-05
3.361420135290791239e-05
5.106081246597096799e-05
5.382769721853845581e-05
8.601141187821798777e-05
5.768452361320576435e-05
4.416389570816791840e-05
3.011615178505211505e-05
7.951043958167985633e-05
4.096406306696627757e-05
1.026669612730555562e-05
-3.158019261304724309e-06
-3.523885113009743528e-05
-2.082302885981535573e-05
-4.817283634044710456e-05
-7.017506762728087572e-05
-1.038812083663011863e-04
-4.242927606428840970e-05
-6.256279165389992019e-05
-7.716468697640276096e-05
-6.777734005433043657e-05
-2.643113955370879367e-05
1.138000302150676557e-05
-5.113298202109182405e-06
2.587863192680363845e-05
5.890527460743480643e-05
9.774928509764770816e-05
6.552534483398652699e-05
6.717552936006178658e-05
9.019393968666189259e-05
6.488680374667989050e-05
4.807489143885699737e-05
7.474242842002188107e-05
6.277818559609627252e-05
9.152097451229776676e-05
2.307424168374297473e-05
4.835124150711428632e-05
6.661552148354567509e-05
-1.227034255474713903e-05
-1.718914530052140203e-05
-3.839332153643820473e-05
-7.734770164495413625e-05
-5.877977906227042513e-05
-1.401338782594145160e-04
-4.398956053783704821e-05
-1.079352926085993403e-04
-1.106484340627036288e-04
-9.066089860437961652e-05
-5.531464548501514866e-05
-1.413428014956339065e-05
-3.127289042606132247e-05
-1.839782103062331006e-05
-2.252900156465246096e-05
9.702327063509579117e-06
2.842940391135022311e-05
7.684410142831893473e-05
1.201595060552926406e-04
8.828736385245030218e-05
6.640155536615570896e-05
1.049072857089956504e-04
1.262279275847318668e-04
3.153310605082053461e-05
7.814554748817459243e-05
3.664876553359875056e-05
4.255903693218483953e-05
9.156193577784212318e-05
7.135815988629038169e-05
6.540529844903675294e-05
2.784974565895357589e-05
7.213443864450976397e-05
4.636788553636591356e-05
5.283444114151640574e-05
2.377629561814434340e-06
-3.031644291638163345e-05
-7.336529627459049995e-05
-1.121236298314157647e-04
-3.457584044666863995e-05
-5.201998057434096808e-05
-1.187105791143663723e-04
-1.268383039850306637e-04
-8.889687427057982468e-05
-1.256325802405485674e-04
-9.505115103453943019e-05
-8.814386630535090024e-05
-1.045909113636495996e-04
-6.081463344921502200e-05
-4.930729473689691734e-05
-8.178084844569008115e-05
-9.601587995158315829e-06
-2.580955199282817513e-05
2.419105476856114214e-05
4.318890416680860395e-05
4.886999474760214321e-05
3.727306289938417432e-05
1.053190226100606056e-04
9.005333265429316298e-05
1.189882817766782774e-04
9.969658043220303587e-05
1.092542709775725691e-04
9.208162264733421966e-05
-1.085028880611477885e-06
1.198577314046339484e-04
1.000985376082236749e-04
1.005219374284411962e-04
1.044530572602374156e-04
1.095254755881778543e-04
5.553083975005062959e-05
2.808704285662599737e-05
3.234297224969012919e-05
5.931454045009534307e-05
8.364932396061110400e-07
1.757939030504611678e-06
-3.207282320343513374e-05
-5.029970887118730887e-05
-7.916819513143380938e-05
-7.001596776643603933e-05
-9.298835698335053879e-05
-2.559508753142988334e-05
-1.220958036038739987e-04
-1.235862647373522580e-04
-1.086967067709809510e-04
-9.254633739534202984e-05
-1.398677395772698494e-04
-7.963601450187281444e-05
-7.977662231167668072e-05
-9.078112302351800549e-05
-4.109116907770192273e-05
-7.496241851111137789e-05
-2.786831218571533638e-05
-3.634664149556637760e-05
-2.992324957432124287e-05
2.738097864135323646e-05
2.967225680277376149e-05
6.249360539191899490e-05
4.643788945106847802e-05
-8.416166158031097380e-06
1.268482552620880130e-04
1.084498787712772950e-04
8.068170743826063673e-05
1.317883832534299203e-04
7.168081805390646673e-05
9.304962708754153087e-05
6.106415279238071379e-05
1.398677567276863259e-04
8.137924330759601613e-05
1.445088436029020045e-04
1.228949519369518381e-04
8.258319104914685848e-05
3.578092636872911479e-05
1.115777702867308633e-04
1.905502389081262704e-05
7.529196443458471919e-05
1.408622019524005025e-04
-1.670279674638934741e-05
1.481603760435897821e-05
1.782004138863704698e-05
3.494304956035956999e-07
-9.903859855925901110e-05
-2.517718897965119898e-05
-2.526045868176285836e-05
-9.254099254875828944e-05
-1.335422540281614649e-04
-7.224632783036010690e-05
-8.759007641811526420e-05
-7.404189535208119074e-05
-6.582812741892028448e-05
-1.264946999884521291e-04
-9.882918493295771286e-05
-1.095546936253581611e-04
-1.192793519428519852e-04
-1.002775867019084667e-04
-1.078699275634101068e-04
-4.349663580420540492e-05
-6.946299612741389220e-05
-4.813417176515328568e-05
-4.531963173966464028e-05
-1.195263264140742303e-04
2.891504064200242164e-05
-7.692474759204539887e-06
9.688458793531111248e-06
9.359348211913912958e-06
-1.037591058731616481e-05
-6.241857705640143988e-05
1.459465609421432548e-04
1.335128152941618992e-04
-8.808219183551957107e-05
4.599832833622497787e-05
-5.169229282329708289e-05
8.696348301944634021e-05
-6.609695408591964257e-05
1.441010517069939330e-04
-8.435307001912370180e-05
1.362424493217402363e-05
2.853498227659437916e-06
1.239036983936178085e-04
-1.446033787166433975e-04
9.354794281626127789e-05
-6.157415496624806233e-05
6.967067207998389852e-05
-5.300946497637980747e-05
-9.624920859292478614e-05
5.338745687925201686e-05
1.102203177433736436e-04
-5.358463517701551112e-05
3.326802152297977629e-05
-5.495161553869321372e-05
1.091645693072281235e-04
-1.456487510286732644e-04
1.240350023732012322e-04
-1.313242713052022268e-04
4.840741296223536363e-05
-1.095020512597544803e-04
3.774181606775538737e-05
-1.973533884928138049e-05
5.413193430950866689e-05
-1.449966682048580823e-04
5.227758212078829398e-05
-4.879226460757602688e-05
8.247458300253009242e-05
