-1.928661939235187629e-05
-8.571461381062612251e-06
-1.046341929304069152e-06
-9.987207963471463670e-06
-3.741787128915224063e-05
-2.762939362117533640e-05
5.837201052396496245e-05
-1.215908898956883848e-05
2.705747079790433597e-05
9.053599470313327655e-06
1.625276184966737688e-05
8.180693096470330954e-06
-2.612472242000444221e-05
-1.039454591896199404e-05
-1.027530741506627695e-05
-4.753229308887042554e-05
-1.827206090089128447e-05
-1.603950716093492876e-05
-7.285617469347058109e-06
-5.035820905055384148e-06
6.510123018106568603e-06
2.027564347523114232e-05
5.176620264956018330e-05
4.637588873019897365e-05
8.687866963813612397e-05
3.758918380478909265e-05
3.688662356012227777e-05
2.735002197049053176e-05
-3.978854534491727446e-05
-2.925598558098518881e-05
-4.840486127429672708e-05
-7.057736423081289458e-05
-1.172631289495509394e-04
-2.362263631001607287e-05
-6.787394022103674773e-05
-3.139814928366034378e-05
-1.932053840995984992e-05
3.649997731309253889e-05
2.547967039469125188e-05
-3.909890898180605161e-07
7.127707890032968549e-05
3.233767559085148343e-05
3.382937580635690385e-05
2.608972610670497186e-05
6.699698675188641133e-05
5.804191929313324368e-05
4.799907027264493410e-05
1.805047075293618317e-05
-1.243155531617133128e-06
7.528048332480275469e-06
-4.332749482914778394e-05
-6.339392758142331366e-05
-7.487188152122242735e-05
-8.714004596814841871e-05
-1.014322716368540290e-04
-8.038990934514056127e-05
-8.215303807790450170e-05
-7.177024809073823239e-05
-5.243761058963894174e-05
-5.241106463346632073e-05
3.064344157497791543e-05
1.156762685492399289e-05
4.433285539186474357e-05
3.766782410835302830e-05
8.459199333871631225e-05
3.948202911880534780e-05
1.100889104337452194e-04
1.200833165352265870e-04
1.134849513951047468e-04
6.170735501068587122e-05
1.226589581034127593e-04
6.907095200732578323e-05
7.858376175342168281e-05
1.073353570266154673e-04
-9.566833464438438107e-07
2.789897030621245927e-05
-1.134862454329986984e-06
-2.872472995464029979e-05
-6.909977084314162024e-05
-2.158765163245541138e-05
-1.303542816256726851e-04
-1.218617708310704731e-04
-7.856132405642539298e-05
-1.159581453097431234e-04
-8.942990781541035610e-05
-7.138157311781504648e-05
-2.662701628709016716e-05
-4.240653247269980983e-05
-1.439312083135953008e-05
4.950321613332559754e-06
-2.791452450501669374e-05
6.454024108769540946e-05
2.418814049223849531e-05
1.348602851999727281e-05
5.051127567403532127e-05
4.582038048414078792e-05
1.735779093953495331e-05
3.044293899845978193e-05
1.048373229583176132e-04
6.369915669570192017e-05
5.816684795787265862e-05
7.953056164951810526e-05
3.724507238432647190e-05
1.766786794074375679e-05
9.023606696181235098e-05
4.270732651655340161e-05
4.700708531784890837e-05
3.718215371329590044e-05
-2.011571142786704284e-05
-3.836258722735969132e-05
-5.796333929753599064e-05
-6.343309893953923357e-05
-6.689332566523427978e-05
-9.949080375176572980e-05
-5.814353530165407286e-05
-3.550985706101450658e-05
-1.028506877335409666e-04
-5.287842160360545218e-05
-8.218551629963513855e-05
-9.198262956009722467e-05
-4.374788398840816905e-05
-3.951352387237377082e-05
-4.800483081158558093e-05
-5.114710825090915553e-05
-6.168018575797881535e-05
-3.412790814951099596e-05
5.496394264822635135e-05
-1.134582036097698968e-04
7.866364024120574337e-05
6.871792871620475605e-05
4.401248881007889844e-05
9.752641313642552946e-05
8.837687749632252101e-05
1.270191880889039876e-04
8.995884264104597782e-05
9.420943565990004737e-05
5.656360833247550581e-05
9.396952924772291162e-05
7.507652962175946415e-05
1.297795764561381190e-04
4.633693872200851671e-05
9.282800113272475940e-05
5.538670161463339728e-05
9.984042312454869696e-05
8.653573937891101278e-05
-1.242429934084616933e-05
6.362480526320946571e-05
8.494728275708677244e-06
2.683842302210348737e-05
1.200217848567869683e-05
-5.235363294633643042e-07
-3.756637834633228342e-05
-7.765102507696524975e-05
-1.963509582088640297e-05
-8.128336361656211329e-05
-9.525159925173503944e-05
-9.915937411200664983e-05
-1.079314626754314084e-04
-8.910331612146307615e-05
-6.168899654979806868e-05
-1.265058850363883153e-04
-3.418168792725083269e-05
-6.046731936484742252e-05
-9.277602774204338416e-05
-7.260939948009652659e-05
-8.114463877994143896e-05
1.838661917967332986e-05
6.368369204672420043e-06
1.572701139829453664e-05
5.752227491833759567e-05
-3.240802608557364126e-05
1.014558088646188628e-04
-8.987202344340301731e-05
1.328743867837930926e-04
-4.535381214072687939e-05
-1.197541476069585865e-05
-5.466146644259315182e-06
7.892322120113488609e-05
-1.040744868755665763e-04
1.319126695232584014e-04
-5.583362966260594241e-05
2.050843748297225770e-06
2.064327454588880912e-05
7.734109032643403955e-05
-1.161693177013344296e-04
-1.033609507768981298e-04
1.134554032640833714e-04
1.103376764775845179e-04
-5.834377064232538552e-05
7.797492677387900327e-06
-4.745934551013679148e-05
-1.335518289624492577e-04
7.580712081266536065e-05
6.553374409455451092e-05
-1.927391965356672630e-05
-1.118751593547338716e-04
9.786562016748552042e-05
1.142411534338735093e-04
-1.322564597338075031e-04
7.015992641837363181e-05
