-2.080861639209625543e-06
-7.505132481549146414e-07
7.367533472798093559e-06
8.410548680542612448e-06
-1.612517039053310957e-05
-9.333079978528701506e-06
5.259353809502999630e-05
-9.033187110656851402e-06
1.750035947718467822e-05
4.559898487810661304e-05
1.525741352724563391e-05
3.291170355331427802e-05
2.017114622166446658e-05
1.942328490964569599e-06
-2.303267046570011895e-05
-2.702559548925032037e-05
-2.779506858146346627e-05
-3.679381056464870419e-05
-1.029758983847177964e-05
-7.088495257046701194e-06
1.180205991428213239e-06
2.552929395954331096e-05
4.792028348097326912e-05
3.271798502324536212e-05
2.662787060481921144e-05
2.687979506924013842e-05
1.406131369322749777e-05
-4.520788289716763685e-06
-1.746556350027998617e-05
-1.104102158224535451e-05
-3.410382720413770926e-05
-1.937917300099238570e-05
-9.204064835226887897e-05
-1.880398681759128132e-05
-4.637076154269283016e-05
-2.596983747302964343e-05
-1.748307781499814335e-05
-2.456048223877371959e-05
1.386181985786324805e-05
9.513588330479881092e-06
2.869561134497802387e-05
9.059478471120541870e-05
7.978317166616822405e-05
4.571768128765460378e-05
7.312060002492784679e-05
5.868829973152765424e-05
4.547040725068204691e-05
4.028323135706980072e-05
1.433851999064415999e-06
8.431755196572109765e-06
-1.069892094161591896e-05
-3.735642043060597849e-05
-5.218430365580578210e-05
-8.266241819975590104e-05
-7.270243155821891215e-05
-6.289959717331925328e-05
-5.489276960790000069e-05
-1.063640551405648573e-04
-3.676892809039380050e-05
-5.623199665320160242e-05
-1.916336031808109624e-05
3.475644708644516467e-06
5.121878237658399318e-05
2.043620568007903956e-05
8.605765331221473075e-05
3.735678298771658029e-05
7.669702294099154185e-05
9.614455034120903960e-05
9.591614241278004942e-05
6.906431498737322205e-05
9.250885404820279382e-05
1.016420885293494738e-04
6.646571864368790129e-05
4.644767672807870998e-05
5.875616438299790704e-05
1.426183105762823828e-05
-2.097377070729683326e-07
-2.384412144460795491e-05
-4.947438904729064744e-05
-6.711075288308982856e-05
-7.063922542020690035e-05
-8.982805035232978980e-05
-1.087378921912538724e-04
-8.512344744138196459e-05
-4.158803595916609413e-05
-9.258043498515291635e-05
-5.644150313551028227e-05
-9.785252951559356084e-05
-4.623345434425994423e-05
-2.764175933377861297e-05
-4.393906974167172786e-05
5.989981090963248967e-05
2.201994054260887076e-05
1.194543273173818355e-05
4.255984859766608503e-05
3.931851785229609783e-05
5.580222734132003694e-05
9.505031383431355074e-05
1.274740600082135196e-04
1.130467781374908451e-04
6.282147599244275427e-05
6.208860997693536855e-05
3.981698028900776398e-05
1.082759049038578759e-04
8.076300409292952627e-05
5.470641824755470074e-05
7.636095636226666319e-06
6.242385879030714626e-05
-4.610720326764105882e-06
-4.132062730460260162e-05
-2.272059727838078225e-05
-3.012526314474057312e-05
-6.350783275266858063e-05
-5.757854098304886821e-05
-6.318362211953468829e-05
-4.486627047410870697e-05
-1.317598272903725291e-04
-8.088170974307445210e-05
-3.679497658646755759e-05
-1.320463241348515573e-04
-4.527695203157083804e-05
-7.667347686240045396e-05
-7.662728270183825398e-05
-6.300572793501693549e-05
-6.541503243857187155e-05
1.271908306902633278e-05
-1.551904407597510337e-05
-9.959473432202448789e-05
3.169671408721119250e-05
3.343330335058532964e-05
4.366379312512647283e-05
1.093697124327247826e-04
6.279802137603812369e-05
7.448431502852102446e-05
1.050418697344742319e-04
6.049006094115342826e-05
8.240198491034604210e-05
1.322626110291690905e-04
1.236484228131345942e-04
1.297421453281567816e-04
2.035065153596934438e-05
9.297569150243187731e-05
7.746339320331155842e-05
1.144673156289556162e-04
7.243073187315304698e-05
6.167545753510232914e-05
3.765864547990824978e-05
-1.280599651255340043e-05
2.735045139820459933e-05
3.322035732928377397e-05
2.111801177263200602e-05
-6.039114745755474377e-05
-7.718482651249384695e-05
-8.903466341084978908e-05
-9.977169513468545385e-05
-6.921380160981124732e-05
-7.976600735860093323e-05
-9.959766965185974977e-05
-1.056190526456542676e-04
-1.211006227175104262e-04
-1.293218314683305514e-04
-1.112640485874999739e-04
-1.137247997658902569e-04
-7.335217474899747019e-05
-9.906278124082393960e-05
-8.393172513389030465e-05
1.617329262276008029e-06
-1.106302111747440457e-05
-5.356150154361020567e-06
2.266186660918641853e-05
-3.028586563637011557e-05
7.556123237703256423e-05
-6.160984046204389969e-05
1.106664826684652958e-04
-1.283084929888815887e-04
-4.754697542704554720e-05
-3.469151281201038897e-05
9.928636109930819454e-05
-6.708812425696652440e-05
7.307245114886102069e-05
-1.230270294815226373e-04
3.653335083379726612e-05
1.307836909326344548e-05
1.199753561856374919e-04
-1.121567475123768688e-04
-8.807691233073228448e-05
8.791876925984308880e-05
7.762867690291277328e-05
-4.463292926839477315e-05
4.202461068658494228e-05
-4.091774423925202160e-05
-5.447846702025991677e-05
1.123877230220121681e-04
8.372962461412589467e-05
-3.582915515022109263e-05
-8.498948204648182824e-05
9.676078597262760040e-05
1.314700811914178873e-04
-1.136983534734543178e-04
5.547344792566895013e-05
