1.527231036760984625e-05
1.557377122858563784e-05
1.469287172883775995e-05
-1.657921645961800297e-07
-8.710401206154365188e-07
-1.444168249608885394e-05
-3.689785010323484531e-05
6.257753245523194454e-05
1.411823181441417729e-05
1.352737298905879216e-05
-1.666016699491603445e-06
-1.733984653794799432e-05
-1.822228463823309116e-05
-1.649461348609635383e-05
-3.204868426126931822e-05
2.208833069283153720e-07
3.106116892250133905e-05
6.209302745419868069e-05
7.898019902343060886e-05
6.211274740575310955e-05
3.038621424808043143e-05
-2.457447883273572288e-06
4.610299104710467884e-05
-3.653634221177932392e-05
-1.920126470544017893e-05
-8.360834487590963955e-05
-6.685519038904916733e-05
-6.467949088531329584e-05
-1.311908285957814478e-04
-4.684173431427846517e-05
-3.079556819133805412e-05
-4.867918164399732470e-06
-2.226454648050472753e-05
4.655137787842865031e-05
4.626823286879324347e-05
3.032174530736395467e-05
9.653129269363599878e-05
9.652666479266033719e-05
6.182967745684883186e-05
1.148840502798654015e-04
2.971022105384905204e-05
5.404568964140424726e-05
-2.185489044604917877e-05
-3.921355070662606048e-06
-4.919841657963561340e-05
-3.611980293910159136e-05
-3.494879304417701087e-05
-5.030043019806741878e-05
-8.288174366901096947e-05
-3.381180347038448232e-05
-1.108441347674944981e-04
-9.917687314065099511e-05
-4.065978412123990112e-05
-3.546022224396968339e-05
-5.043510632295388022e-05
-8.227657535329599818e-06
4.609495718867213769e-05
4.594936529274949618e-05
6.197165246132371838e-05
7.760824255490077217e-05
9.413512676506378388e-05
1.335462651545071952e-04
1.179795668407529957e-04
1.299094207134842793e-04
7.751587242811551460e-05
4.549045709912122863e-05
2.896227013675061664e-05
9.708256315630367072e-05
7.114471249272100464e-07
7.687167808393461342e-05
-1.789013462842279636e-05
-5.169561718243176069e-05
-1.082031977902756745e-04
-1.006774468735764579e-04
-7.090083884976031321e-05
-9.781556916079485388e-05
-1.164982030857719084e-04
-1.146830056342930669e-04
-4.930853761670005565e-05
-7.505074778870276684e-05
-4.353601372533754868e-05
-2.147841272591051589e-05
-7.080059827053879521e-05
3.003759671918679262e-05
-9.054272677557184115e-05
6.201405691513079061e-05
2.934402958745932271e-05
1.536701083111040271e-05
7.899896353150416789e-05
1.154942896720062600e-04
1.549607321602405234e-04
1.289919897716576105e-05
9.586061147195462033e-05
1.148225154924446486e-04
9.350144051253501671e-05
7.787889696935685095e-05
1.176149391069400723e-05
3.003830930394891111e-05
6.002090666361356954e-05
-3.301557553519963823e-06
-6.753381696804524696e-06
-3.271995682038232757e-05
-6.850578329382058863e-05
-6.588689881169144166e-05
-1.917214900738068562e-05
-1.355728841950901197e-04
-8.161458154359966122e-05
-1.209759320797853291e-04
-4.849743303129092629e-05
-1.558916588387846509e-04
-9.504269682201805819e-05
-1.305339959725629730e-04
-7.994370073166768155e-05
-5.421121991929878179e-05
-1.079070967819342416e-04
-7.193839116511909599e-05
-1.619669118489365414e-05
3.883303937591565372e-05
-1.576348527058962648e-05
4.333832753489843165e-05
1.230240980157490712e-05
5.504398056460916617e-05
9.399162579523969959e-05
4.636294516879887312e-05
2.973052736955404072e-05
1.512405141107546144e-04
1.134708473073879175e-04
4.170486510985622477e-06
1.548372652811059286e-04
6.158051535514481986e-05
9.373625553847614702e-05
1.508382480254993440e-04
9.561564143959647795e-05
1.101307041690439612e-04
4.255325026274508137e-05
9.579988689036599318e-05
5.812913726995203631e-05
1.454920795557848679e-05
-2.002608242391907043e-05
-5.378875888624913023e-05
-7.290920930016041713e-05
-5.289051368713270355e-05
-3.300505187489026113e-05
-7.250203345956060714e-05
-8.670186280265487874e-05
-1.448583405804517138e-04
-9.104537667365916222e-05
-1.169134947229198809e-04
-1.346639328229488571e-04
-5.431112536159227080e-05
-1.547200342665809559e-04
-6.042565673406376274e-05
-9.550651842105797103e-05
-8.914857380541691247e-05
-6.826390766081355467e-05
2.813358040675748352e-06
-1.439276580750048821e-04
-9.099978168595504685e-05
-4.991025388859584630e-06
7.787846396427864672e-05
5.905511362147867691e-05
7.795006801517389400e-05
7.733174207068015452e-05
1.362184544711774602e-05
6.081199780677095556e-05
1.214796070424130037e-05
1.333568502946001397e-04
1.105953239718653199e-04
1.345223507609400522e-04
3.073800300113204700e-05
-1.531391875009014683e-04
-1.302778577561373985e-04
9.820183238095087227e-05
4.592669021202457232e-05
-2.955937493168147535e-05
-1.203966322825363771e-04
1.132559933919409712e-04
-1.137458745460152393e-04
1.189971922494711975e-04
7.622302914570682224e-05
-4.521907241672366802e-05
1.371968762710235620e-04
-6.370085945010936414e-05
7.705340094149427488e-05
-1.121898915316496857e-04
7.802098555165775534e-05
-9.366883919177092243e-05
1.147058597649844471e-04
-7.879055664993968029e-05
-1.339664046743578097e-04
1.303366549231492618e-04
-2.589889251457662707e-05
2.384436835734618260e-05
-1.019587671695489317e-04
1.379659871352654132e-04
-5.798638692523120448e-05
5.440846028037099365e-06
2.967529724773882973e-05
2.483699632171763348e-05
3.791849533014361972e-05
